29,4
29,1
29,3
0,273
0,270
3,2
3,1
3,3
10,34
10,116
10,214
10,232
10,126
10,192
10,70
10,236
11,22
11,2
9,4
9,6
63,5
63,4
63,3
8,12
8,7
63,2
63,1
63,0
61,5
61,4
61,3
8,18
8,2
8,3
61,2
61,1
61,0
59,4
59,3
59,2
59,1
59,0
58,4
58,3
58,2
58,1
58,0
55,3
55,2
55,1
55,0
53,4
53,3
53,2
53,1
53,0
48,4
48,3
48,2
48,1
48,0
47,5
47,4
47,3
47,2
47,1
47,0
44,5
44,4
44,3
44,2
44,1
44,0
42,5
42,4
42,3
42,2
42,1
42,0
38,4
38,3
38,2
38,1
38,0
37,4
37,3
37,1
26,3
26,1
20,3
20,2
20,1
19,3
19,2
19,1
14,4
14,2
14,0
12,3
12,2
12,1
11,30
11,29
11,28
11,27
11,25
11,24
11,20
11,19
11,18
11,17
11,15
11,14
11,13
11,12
11,11
11,10
